Version: 0.63.0
Vulnerability DB:
  Version: 2
  UpdatedAt: 2025-06-26 06:25:01.339440278 +0000 UTC
  NextUpdate: 2025-06-27 06:25:01.339440068 +0000 UTC
  DownloadedAt: 2025-06-26 12:44:13.432382886 +0000 UTC
